cluster,id,ra,dec,zphot
A2744,27440011.0,3.6013623,-30.3792165,8.0
A2744,27440012.0,3.603856,-30.381905,8.6
A2744,27440013.0,3.572515,-30.413267,8.5
A2744,27440014.0,3.591724,-30.380838,8.5
A2744,27440015.0,3.579479,-30.386534,8.3
A2744,27440016.0,3.603582,-30.382442,7.9
A2744,27440017.0,3.576694,-30.383921,7.1
A2744,27440035.0,3.59502,-30.40075,10.0
A2744,27440036.0,3.57753,-30.40871,10.0
A2744,27440041.0,3.58843,-30.41034,7.29
A2744,27440042.0,3.6007742,-30.400966,7.17
A2744,27440043.0,3.605268,-30.380613,7.05
A2744,27440044.0,3.596525,-30.409031,7.25
A2744,27440046.0,3.5858,-30.41174,7.25
A2744,27440075.0,3.598108,-30.382393,7.64
A2744,27440077.0,3.59216,-30.409925,7.39
A2744,27440078.0,3.5951375,-30.381131,7.71
A2744,27440079.0,3.588287,-30.410333,7.5
A2744,27440080.0,3.60094,-30.400824,7.45
A2744,27440084.0,3.48888,-30.39618,9.3
A2744,27440085.0,3.47354,-30.38403,8.9
A2744,27440108.0,3.6045229,-30.3804681,8.0
A2744,27440109.0,3.6033938,-30.3822478,8.2
A2744,27440110.0,3.596098,-30.3858332,8.05
A2744,27440111.0,3.6064684,-30.3809923,8.0
A2744,27440112.0,3.603864,-30.382265,8.4
A2744,27440113.0,3.606575,-30.380928,7.6
A2744,27440114.0,3.588985,-30.378662,7.89
A2744,27440115.0,3.604005,-30.382309,7.9
A2744,27440116.0,3.592285,-30.409911,7.3
A2744,27440117.0,3.605058,-30.381464,7.7
A2744,27440118.0,3.59251,-30.40149,9.0
MACS0416,4160011.0,64.034077,-24.072715,8.0
MACS0416,4160013.0,64.037999,-24.064596,10.0
MACS0416,4160020.0,64.037977,-24.088829,8.0
MACS0416,4160028.0,64.04313,-24.05791,8.7
MACS0416,4160029.0,64.04621,-24.09134,8.6
MACS0416,4160030.0,64.14988,-24.11335,8.7
MACS0416,4160031.0,64.13217,-24.11299,9.0
MACS0416,4160032.0,64.15175,-24.10845,9.0
MACS0416,4160033.0,64.12679,-24.10032,8.4
MACS0416,4160034.0,64.043915,-24.097179,7.19
MACS0416,4160035.0,64.035164,-24.093821,8.3
MACS0416,4160036.0,64.036835,-24.092756,7.27
MACS0416,4160037.0,64.036697,-24.090487,7.31
MACS0416,4160038.0,64.03582,-24.090475,7.19
MACS0416,4160039.0,64.02742,-24.089975,7.59
MACS0416,4160041.0,64.017883,-24.088556,7.05
MACS0416,4160042.0,64.031494,-24.088057,7.06
MACS0416,4160043.0,64.052307,-24.08744,8.07
MACS0416,4160044.0,64.052376,-24.087282,8.06
MACS0416,4160045.0,64.057442,-24.075573,7.86
MACS0416,4160046.0,64.057785,-24.075218,7.05
MACS0416,4160047.0,64.018829,-24.074118,7.26
MACS0416,4160048.0,64.040733,-24.068832,7.47
MACS0416,4160049.0,64.038971,-24.069519,7.72
MACS0416,4160050.0,64.049583,-24.064589,8.11
MACS0416,4160051.0,64.046509,-24.06163,8.43
MACS0416,4160052.0,64.026138,-24.053949,7.01
MACS0416,4160053.0,64.02626,-24.053019,7.35
MACS0416,4160054.0,64.019447,-24.069029,7.53
MACS0416,4160078.0,64.04799,-24.08167,8.48
MACS0416,4160079.0,64.03917,-24.09318,8.6
MACS0416,4160080.0,64.04804,-24.08143,8.72
MACS0416,4160081.0,64.03756,-24.0881,8.4
MACS0416,4160082.0,64.060326,-24.06497,7.69
MACS0416,4160083.0,64.15167,-24.10823,9.1
A370,25.0,39.9695589,-1.6177948,9.468
A370,81.0,39.9646658,-1.6137092,11.521
A370,324.0,39.9493801,-1.6052846,7.081
A370,729.0,39.9682776,-1.5972476,7.081
A370,849.0,39.9661264,-1.5947708,8.106
A370,1333.0,39.9758721,-1.5872611,8.289
A370,1369.0,39.9483089,-1.5865366,7.326
A370,1801.0,39.9564984,-1.5816216,8.106
A370,1805.0,39.9694772,-1.5827811,7.244
A370,1858.0,39.9824256,-1.5810942,8.106
A370,1988.0,39.949358,-1.5789869,11.397
A370,1991.0,39.9835973,-1.5796314,7.494
A370,2021.0,39.9493732,-1.5790616,8.106
A370,2142.0,39.9552747,-1.5779113,8.667
A370,2493.0,39.9607621,-1.57416,7.839
A370,2513.0,39.9871274,-1.5735349,7.081
A370,2644.0,39.9873743,-1.5728439,7.751
A370,2653.0,39.9554885,-1.572606,8.197
A370,2796.0,39.9838884,-1.5721659,9.261
A370,2867.0,39.9921523,-1.5708918,8.763
A370,3020.0,39.9638207,-1.5693621,8.016
A370,3441.0,39.9790219,-1.5647342,10.795
A370,3467.0,39.9785261,-1.5647777,11.9
A370,3485.0,39.9774493,-1.5646875,11.9
A370,3917.0,39.9610386,-1.5576999,10.563
A370,4109.0,39.9777577,-1.5751972,7.001
MACS1423,95.0,215.9347531,24.0635911,8.016
MACS1423,117.0,215.933582,24.0650167,7.162
MACS1423,252.0,215.9424023,24.0696585,8.289
MACS1423,736.0,215.9288143,24.0839174,7.664
MACS1423,1093.0,215.9356853,24.0563773,7.579
MACS1423,1260.0,215.958358,24.0682169,9.785
MACS1423,1352.0,215.9255983,24.0725885,8.106
MACS1423,1482.0,215.9376634,24.0784655,7.751
MACS1423,1675.0,215.954487,24.0871565,8.667
MACS1423,1683.0,215.9414864,24.0876247,7.494
MACS1423,1781.0,215.9661757,24.0927149,7.001
MACS1149,1.0,177.4122569,22.3682271,7.001
MACS1149,21.0,177.4137828,22.4255286,7.244
MACS1149,44.0,177.4119975,22.4237479,7.41
MACS1149,49.0,177.4077015,22.4231677,7.41
MACS1149,64.0,177.4098441,22.422207,8.016
MACS1149,86.0,177.4152131,22.4210095,7.41
MACS1149,115.0,177.3891209,22.4198237,7.41
MACS1149,186.0,177.4086079,22.4184133,8.197000000000001
MACS1149,211.0,177.4177469,22.4174421,7.3260000000000005
MACS1149,302.0,177.4106702,22.4163875,8.197000000000001
MACS1149,364.0,177.3819827,22.4156401,7.41
MACS1149,367.0,177.4029397,22.4154972,7.8389999999999995
MACS1149,520.0,177.4176745,22.4136865,9.785
MACS1149,583.0,177.3775154,22.4132411,8.197000000000001
MACS1149,613.0,177.3981045,22.4128663,8.197000000000001
MACS1149,617.0,177.3899493,22.4127099,9.16
MACS1149,641.0,177.3759955,22.4124172,7.41
MACS1149,696.0,177.4174034,22.4120432,8.197000000000001
MACS1149,709.0,177.4172628,22.4117869,9.892999999999999
MACS1149,759.0,177.4178534,22.4110965,8.197000000000001
MACS1149,767.0,177.3829893,22.4120362,7.3260000000000005
MACS1149,776.0,177.388984,22.4108398,8.197000000000001
MACS1149,789.0,177.3916898,22.4106668,8.959
MACS1149,807.0,177.3953873,22.4102327,7.8389999999999995
MACS1149,914.0,177.4089182,22.4091873,9.892999999999999
MACS1149,958.0,177.3732016,22.4086162,9.572000000000001
MACS1149,1238.0,177.39464,22.4056605,8.016
MACS1149,1307.0,177.3799782,22.4050409,8.197000000000001
MACS1149,1365.0,177.4140795,22.4044482,8.197000000000001
MACS1149,1391.0,177.3949402,22.4043503,8.289
MACS1149,1409.0,177.4083416,22.4041155,9.892999999999999
MACS1149,1521.0,177.3964278,22.4028575,9.892999999999999
MACS1149,1528.0,177.4128566,22.4029268,8.197000000000001
MACS1149,1538.0,177.3794162,22.4027224,9.892999999999999
MACS1149,1689.0,177.3851487,22.4014936,7.162000000000001
MACS1149,1849.0,177.4246227,22.3995339,7.41
MACS1149,1991.0,177.4266663,22.3976551,7.3260000000000005
MACS1149,1993.0,177.4265029,22.3972795,7.41
MACS1149,1994.0,177.4265812,22.3973374,7.41
MACS1149,2019.0,177.4267512,22.3980025,7.41
MACS1149,2037.0,177.4259561,22.3977461,7.244
MACS1149,2039.0,177.4256634,22.3976966,7.41
MACS1149,2063.0,177.4256591,22.3974778,7.41
MACS1149,2089.0,177.4216258,22.3971556,8.197000000000001
MACS1149,2206.0,177.4243131,22.3956189,7.41
MACS1149,2226.0,177.4233749,22.3953292,7.162000000000001
MACS1149,2272.0,177.4031167,22.3947881,8.106
MACS1149,2291.0,177.4258166,22.3947439,8.016
MACS1149,2293.0,177.4256595,22.394716,7.41
MACS1149,2303.0,177.4254989,22.3943745,7.41
MACS1149,2323.0,177.3952497,22.394517,8.289
MACS1149,2330.0,177.4028079,22.3944395,8.382
MACS1149,2400.0,177.4106645,22.3936741,8.197000000000001
MACS1149,2463.0,177.3827074,22.3927706,8.197000000000001
MACS1149,2489.0,177.4005698,22.3923265,8.763
MACS1149,2569.0,177.3999037,22.3914858,8.197000000000001
MACS1149,2579.0,177.3993089,22.3913602,8.197000000000001
MACS1149,2586.0,177.4194821,22.3907154,8.197000000000001
MACS1149,2694.0,177.3860407,22.3900422,9.059
MACS1149,2736.0,177.3819153,22.3893301,7.579
MACS1149,2805.0,177.4215134,22.3887473,8.016
MACS1149,3007.0,177.4027735,22.3882609,7.579
MACS1149,3058.0,177.3965111,22.386375,8.197000000000001
MACS1149,3061.0,177.3787167,22.3879709,7.41
MACS1149,3151.0,177.4137361,22.3850557,8.476
MACS1149,3182.0,177.3960736,22.3835742,8.571
MACS1149,3189.0,177.4208431,22.3846316,7.41
MACS1149,3193.0,177.4209907,22.3845617,7.41
MACS1149,3205.0,177.3993472,22.384078,8.197000000000001
MACS1149,3237.0,177.3827251,22.3960899,8.667
MACS1149,3270.0,177.3828341,22.3960062,8.476
MACS1149,3271.0,177.4052148,22.3834036,9.892999999999999
MACS1149,3332.0,177.4071912,22.3827281,7.41
MACS1149,3368.0,177.3945344,22.3823087,7.8389999999999995
MACS1149,3370.0,177.4224193,22.3823217,7.41
MACS1149,3444.0,177.3930596,22.3805121,9.261000000000001
MACS1149,3451.0,177.4210299,22.3809314,7.41
MACS1149,3455.0,177.4212015,22.380872,7.41
MACS1149,3457.0,177.3922163,22.3810702,8.289
MACS1149,3459.0,177.4213719,22.3808132,7.41
MACS1149,3472.0,177.3760495,22.3805777,7.41
MACS1149,3505.0,177.385414,22.3800672,9.892999999999999
MACS1149,3506.0,177.4230307,22.3800636,7.41
MACS1149,3515.0,177.3852144,22.3799763,8.197000000000001
MACS1149,3571.0,177.3754601,22.3788326,7.41
MACS1149,3592.0,177.399645,22.3784758,7.41
MACS1149,3646.0,177.3994172,22.3774441,7.41
MACS1149,3720.0,177.4206701,22.3762163,7.41
MACS1149,3729.0,177.379547,22.376046,7.41
MACS1149,3730.0,177.3795478,22.3759741,7.41
MACS1149,3747.0,177.3797354,22.3754734,7.41
MACS1149,3748.0,177.3797408,22.3754016,7.41
MACS1149,3750.0,177.3796673,22.3756004,7.41
MACS1149,3752.0,177.3798142,22.3753264,7.41
MACS1149,3771.0,177.3798486,22.3750705,7.41
MACS1149,3794.0,177.3798215,22.3751614,7.41
MACS1149,3798.0,177.3841418,22.374059,7.41
MACS1149,3800.0,177.4117038,22.3740638,7.41
MACS1149,3845.0,177.4147333,22.3730461,9.892999999999999
MACS1149,3853.0,177.4051333,22.3728166,7.41
MACS1149,3858.0,177.3991967,22.3724671,8.197000000000001
MACS1149,3861.0,177.4004286,22.3724336,7.41
MACS1149,3864.0,177.4143621,22.3723977,9.892999999999999
MACS1149,3869.0,177.4014719,22.3721662,7.41
MACS1149,3870.0,177.4047739,22.3721497,7.41
MACS1149,3871.0,177.40433,22.3720657,7.41
MACS1149,3895.0,177.4045558,22.3709844,7.41
MACS1149,3896.0,177.4050174,22.3709681,7.41
MACS1149,3900.0,177.4037888,22.3708968,7.41
MACS1149,3906.0,177.3887777,22.3706219,7.41
MACS1149,3912.0,177.3858772,22.3704066,7.41
MACS1149,3939.0,177.396229,22.3701495,9.785
MACS1149,3942.0,177.4110341,22.3700996,7.41
MACS1149,3947.0,177.4111149,22.3699617,7.41
MACS1149,3954.0,177.3861417,22.3689627,7.41
MACS1149,3958.0,177.4121527,22.3683668,9.892999999999999
