#cluster,ID (ERS),RA,DEC,z_best
A2744,1001.0,3.601353,-30.379217,7.51905
A2744,1002.0,3.604516,-30.380469,8.2167
A2744,1003.0,3.606572,-30.380932,7.5831
A2744,1004.0,3.60646,-30.380994,7.84715
A2744,1005.0,3.603382,-30.382251,8.25215
A2744,1007.0,3.596089,-30.385834,8.2376
A2744,1008.0,3.576898,-30.386325,6.21445
A2744,1010.0,3.580451,-30.405042,6.62585
A2744,1011.0,3.606384,-30.407279,6.2537
A2744,1012.0,3.60062,-30.410292,6.41045
A2744,2015.0,3.60632226,-30.38006061,1.3375
A2744,2016.0,3.58886297,-30.38029116,1.3575
A2744,2017.0,3.57177965,-30.38043683,1.675
A2744,2018.0,3.57340773,-30.38077029,1.7575
A2744,2019.0,3.60755884,-30.38134717,1.355
A2744,2020.0,3.59218107,-30.38176643,1.34
A2744,2021.0,3.59110975,-30.3817046,1.8925
A2744,2022.0,3.59727653,-30.38343646,1.349
A2744,2023.0,3.57020168,-30.38374349,1.865
A2744,2024.0,3.59122177,-30.38671586,1.39
A2744,2025.0,3.58697936,-30.38701764,1.86
A2744,2026.0,3.57683467,-30.3880233,1.355
A2744,2027.0,3.59143702,-30.38951755,1.3575
A2744,2028.0,3.58887633,-30.39181693,1.34
A2744,2029.0,3.59994827,-30.39355383,1.345
A2744,2030.0,3.60009125,-30.39375925,1.345
A2744,2031.0,3.57675466,-30.393627,1.3675
A2744,2032.0,3.57508876,-30.39968695,1.744
A2744,2033.0,3.57695458,-30.40086292,1.3425
A2744,2034.0,3.59853679,-30.40179719,2.02
A2744,2035.0,3.59406046,-30.40799768,2.02
A2744,2036.0,3.57889348,-30.40999815,1.2625
A2744,2037.0,3.58642691,-30.40934985,2.02
A2744,2038.0,3.57669873,-30.41018499,1.66
A2744,2039.0,3.57458368,-30.41227824,1.3665
A2744,2040.0,3.59979328,-30.41393753,1.773
A2744,2041.0,3.57503341,-30.41222065,1.3775
A2744,2042.0,3.57785605,-30.38120782,3.3756
A2744,2043.0,3.56864299,-30.40253262,2.5819
A2744,2044.0,3.57078852,-30.41019328,2.7427
A2744,2045.0,3.5825422178,-30.402327767,1.8876
A2744,3046.0,3.587885696,-30.383471124,1.82202
A2744,3047.0,3.6087148011,-30.386241486,1.96153
A2744,3049.0,3.5952654603,-30.394988651,2.21283
A2744,3050.0,3.6052872378,-30.401668308,2.36969
A2744,3052.0,3.5971969943,-30.404580145,1.86452
A2744,3053.0,3.5771591552,-30.410107568,1.83479
A2744,3054.0,3.5832326222,-30.416166998,2.91892
A2744,4055.0,3.5891329086,-30.379748259,1.20042
A2744,4056.0,3.6105431408,-30.383215582,1.41079
A2744,4057.0,3.6107514627,-30.381083091,1.64573
A2744,4062.0,3.5937634626,-30.402173203,1.17002
A2744,4064.0,3.5856160837,-30.415137449,1.1046
A2744,5065.0,3.590781,-30.379413,5.56395
A2744,5066.0,3.590728,-30.379575,5.4648
A2744,5067.0,3.603424,-30.38322,5.7106
A2744,5068.0,3.610255,-30.385604,5.6632
A2744,5071.0,3.591432,-30.396689,5.59
A2744,5072.0,3.572518,-30.399326,5.1188
A2744,5073.0,3.570068,-30.40372,5.7365
A2744,5076.0,3.571785,-30.40648,5.3913
A2744,5077.0,3.604758,-30.409287,5.94455
A2744,5079.0,3.603215,-30.410353,5.9731
A2744,5080.0,3.592942,-30.413331,5.78745
A2744,6082.0,3.5938048,-30.4154482,6.5876
A2744,6086.0,3.6010732,-30.4039891,6.3271
A2744,6087.0,3.5676318,-30.4118712,6.2737
A2744,7092.0,3.6054351,-30.3965962,5.7709
A2744,7113.0,3.5726699,-30.3897548,5.2896
A2744,7114.0,3.596558,-30.4090085,5.283
A2744,7115.0,3.6000566,-30.4043929,5.283
A2744,7116.0,3.5879242,-30.4116123,5.283
A2744,7119.0,3.5979526,-30.3920213,5.1349
A2744,7120.0,3.5954251,-30.3868158,5.0537
A2744,7121.0,3.5957317,-30.386781,5.0537
A2744,7122.0,3.568329,-30.4045843,5.0193
A2744,8123.0,3.5943837,-30.3858036,4.9823
A2744,8133.0,3.5823506,-30.3876776,4.8018
A2744,8135.0,3.6020177,-30.4157401,4.7804
A2744,8137.0,3.5837216,-30.4041048,4.7594
A2744,8142.0,3.574497,-30.3887736,4.7125
A2744,8144.0,3.6042565,-30.3872463,4.6974
A2744,8146.0,3.5675589,-30.4062526,4.6315
A2744,8147.0,3.571465,-30.388822,4.4013
A2744,8153.0,3.6018985,-30.4050066,4.3361
A2744,8156.0,3.5871312,-30.3887818,4.3006
A2744,8163.0,3.5693418,-30.4087323,4.0423
A2744,8165.0,3.5682143,-30.4003583,4.0253
A2744,8171.0,3.585842,-30.392246,4.0225
A2744,8172.0,3.5799619,-30.3947734,4.0225
A2744,8178.0,3.6005444,-30.4122025,4.0207
A2744,8182.0,3.5774867,-30.3995362,4.015
A2744,8184.0,3.5887928,-30.3938037,3.9803
A2744,8185.0,3.5893512,-30.3938605,3.9803
A2744,8190.0,3.6031803,-30.4157094,3.9538
A2744,8191.0,3.6047111,-30.3950583,3.9469
A2744,8195.0,3.5782975,-30.4113274,3.8123
A2744,8198.0,3.600705,-30.4046049,3.785
A2744,8199.0,3.593816,-30.4107662,3.785
A2744,8200.0,3.5934451,-30.4108401,3.785
A2744,8201.0,3.5732545,-30.4029762,3.7794
A2744,8209.0,3.5909579,-30.4032577,3.6915
A2744,8210.0,3.5973131,-30.400608,3.6915
A2744,8211.0,3.6004783,-30.3966468,3.6893
A2744,8214.0,3.569293,-30.4096279,3.581
A2744,8220.0,3.5956382,-30.4016035,3.5769
A2744,8221.0,3.5921109,-30.4026295,3.5769
A2744,8222.0,3.5887681,-30.3908058,3.551
A2744,8224.0,3.6041323,-30.4077049,3.5415
A2744,8225.0,3.5960846,-30.3871118,3.4759
A2744,8227.0,3.601542,-30.3873907,3.4757
A2744,8228.0,3.6074349,-30.3884888,3.475
A2744,8232.0,3.5936714,-30.3831652,3.3788
A2744,8235.0,3.568377,-30.4109151,3.3161
A2744,8241.0,3.5777331,-30.411448,3.2031
A2744,8242.0,3.5685466,-30.3992632,3.19
A2744,8244.0,3.5714292,-30.3969498,3.1295
A2744,8245.0,3.5749887,-30.3967969,3.1291
A2744,8246.0,3.5998201,-30.39117,3.0578
A2744,8247.0,3.5855145,-30.3858777,3.0543
A2744,8248.0,3.600079,-30.4029211,3.0537
A2744,9257.0,3.6071244,-30.3956389,2.9955
A2744,9259.0,3.5951353,-30.4044777,2.951
A2744,9262.0,3.5727654,-30.3946121,2.9315
A2744,9264.0,3.58738,-30.4064809,2.6565
A2744,9265.0,3.5883984,-30.4058769,2.6565
A2744,9268.0,3.6022826,-30.3893167,2.4754
A2744,9269.0,3.5800565,-30.3878239,2.3266
A2744,9270.0,3.579076,-30.3859629,2.1895
A2744,9271.0,3.6041927,-30.39719,2.07
A2744,9276.0,3.5832817,-30.4033531,1.8876
A2744,9280.0,3.5765755,-30.3990587,1.8606
A2744,9282.0,3.6002062,-30.41376,1.7663
A2744,9285.0,3.5975483,-30.403943,1.688
A2744,9286.0,3.5862282,-30.410005,1.688
A2744,9287.0,3.5959411,-30.406856,1.688
A2744,9290.0,3.5877034,-30.3836485,1.5018
A2744,9291.0,3.5690438,-30.4069517,1.4591
A2744,9292.0,3.5883677,-30.386329,1.3897
A2744,9293.0,3.5753203,-30.4127727,1.3681
A2744,9294.0,3.574349,-30.4113683,1.3677
A2744,9299.0,3.5913226,-30.3870203,1.3661
A2744,9300.0,3.5769557,-30.4134391,1.366
A2744,9301.0,3.5758266,-30.4123575,1.3649
A2744,9302.0,3.5981084,-30.3915386,1.3607
A2744,9303.0,3.573543,-30.3925746,1.3584
A2744,9305.0,3.5771338,-30.3880664,1.358
A2744,9306.0,3.5764315,-30.3877965,1.3576
A2744,9308.0,3.5745406,-30.4001182,1.3465
A2744,9312.0,3.5767237,-30.4029612,1.3437
A2744,9313.0,3.5779255,-30.4010036,1.3433
A2744,9315.0,3.5913418,-30.3854125,1.3401
A2744,9316.0,3.6061476,-30.3919741,1.3397
A2744,9317.0,3.5910952,-30.3855761,1.3397
A2744,9318.0,3.5813561,-30.4110689,1.3359
A2744,9319.0,3.5705894,-30.3931405,1.3246
A2744,9320.0,3.575519,-30.4131993,1.3233
A2744,9322.0,3.5870601,-30.4112575,1.2843
A2744,9324.0,3.587528,-30.41274,1.2684
A2744,9325.0,3.5816558,-30.3850526,1.1815
A2744,9326.0,3.600164,-30.4136052,1.1742
A2744,9327.0,3.5752797,-30.3925319,1.1632
A2744,9328.0,3.5906299,-30.3898788,1.1618
A2744,9329.0,3.5784191,-30.3888417,1.1616
A2744,9330.0,3.5778301,-30.3938981,1.1613
A2744,9331.0,3.5758367,-30.3901562,1.1612
A2744,9332.0,3.598586,-30.3828648,1.1425
A2744,9333.0,3.5680426,-30.4063281,1.1139
A2744,9334.0,3.5710134,-30.399845,1.1058
A2744,9335.0,3.602892,-30.406846,1.1053
A2744,9336.0,3.6026575,-30.4098944,1.1043
A2744,9338.0,3.6016934,-30.3928844,1.104
A2744,9339.0,3.6020079,-30.3931773,1.1034
A2744,9340.0,3.5812273,-30.41158,1.0972
A2744,9341.0,3.6017618,-30.4078622,1.097
A2744,9342.0,3.599705,-30.4065762,1.0961
A2744,9343.0,3.5908849,-30.4118732,1.0912
A2744,9344.0,3.5800767,-30.3870568,1.0472
A2744,9345.0,3.6083413,-30.3867285,1.0464
A2744,9346.0,3.6078501,-30.3884653,1.0452
A2744,9347.0,3.5873334,-30.4090935,1.043
A2744,9348.0,3.5951253,-30.4058974,1.043
A2744,9349.0,3.5959003,-30.4044801,1.043
A2744,9350.0,3.5819274,-30.4017018,1.0252
A2744,9351.0,3.5866843,-30.3981785,1.0252
A2744,9352.0,3.5910163,-30.397439,1.0252
A2744,10359.0,3.605062501,-30.38147278,8.0
A2744,11360.0,3.603866,-30.382263,8.1902
A2744,11361.0,3.590688,-30.395569,5.3676
A2744,11362.0,3.576128,-30.40449,5.1849
A2744,11363.0,3.570654,-30.41466,6.0285
A2744,11364.0,3.608007,-30.394819,5.68
A2744,12365.0,3.580095,-30.415371,7.4801
A2744,12366.0,3.566411,-30.414623,10.0001
A2744,12367.0,3.59238,-30.409891,7.5001
A2744,12368.0,3.565658,-30.408735,7.8101
A2744,12369.0,3.582691,-30.400574,7.95
A2744,12370.0,3.567644,-30.397266,7.7701
A2744,12371.0,3.597838,-30.39596,7.1101
A2744,12380.0,3.579946,-30.378376,7.1901
A2744,13381.0,3.579652759,-30.37840181,2.26
A2744,13382.0,3.5769487,-30.37854577,0.3
A2744,13383.0,3.576514703,-30.37874736,2.32
A2744,13384.0,3.576080697,-30.37903535,0.32
A2744,13385.0,3.571974065,-30.38298074,1.59
A2744,13386.0,3.58251834,-30.38542475,3.31
A2744,13387.0,3.600931428,-30.38418396,2.69
A2744,13388.0,3.601599108,-30.3914989,2.42
A2744,13389.0,3.579543324,-30.38845538,0.06
A2744,13390.0,3.577256936,-30.40165204,0.36
A2744,13391.0,3.572233145,-30.40682494,2.9
A2744,13392.0,3.585311322,-30.41532622,2.57
A2744,13393.0,3.589297405,-30.41594187,3.22
A2744,13394.0,3.607570827,-30.39190569,2.68
A2744,13395.0,3.607616995,-30.39108568,3.29
A2744,13396.0,3.606254502,-30.39802265,2.58
A2744,18445.0,3.5683476181,-30.399530996,2.683
A2744,18447.0,3.5689394149,-30.402831962,2.574
A2744,18449.0,3.5702882587,-30.380765209,4.499
A2744,18452.0,3.5850023411,-30.381837654,2.713
A2744,18455.0,3.6078357066,-30.395170633,3.924
A2744,18456.0,3.605222434,-30.395395191,2.915
A2744,14397.0,3.58620492,-30.40045844,0.308
A2744,14398.0,3.586204926,-30.40084144,0.308
A2744,14399.0,3.586204932,-30.40122445,0.308
A2744,14400.0,3.586204939,-30.40160746,0.308
A2744,14401.0,3.586204945,-30.40199046,0.308
A2744,14402.0,3.586204952,-30.40237347,0.308
A2744,14403.0,3.586204958,-30.40275648,0.308
A2744,14404.0,3.586204965,-30.40313948,0.308
A2744,14405.0,3.586204971,-30.40352249,0.308
A2744,14406.0,3.586204977,-30.4039055,0.308
A2744,14407.0,3.586204984,-30.40428851,0.308
A2744,14408.0,3.58620499,-30.40467151,0.308
A2744,14410.0,3.586204922,-30.40058611,0.308
A2744,14411.0,3.586204924,-30.40071377,0.308
A2744,14413.0,3.586204928,-30.40096911,0.308
A2744,14414.0,3.58620493,-30.40109678,0.308
A2744,14416.0,3.586204935,-30.40135212,0.308
A2744,14417.0,3.586204937,-30.40147979,0.308
A2744,14419.0,3.586204941,-30.40173513,0.308
A2744,14420.0,3.586204943,-30.4018628,0.308
A2744,14422.0,3.586204947,-30.40211813,0.308
A2744,14423.0,3.58620495,-30.4022458,0.308
A2744,14425.0,3.586204954,-30.40250114,0.308
A2744,14426.0,3.586204956,-30.40262881,0.308
A2744,14428.0,3.58620496,-30.40288415,0.308
A2744,14429.0,3.586204962,-30.40301182,0.308
A2744,14431.0,3.586204967,-30.40326715,0.308
A2744,14432.0,3.586204969,-30.40339482,0.308
A2744,14434.0,3.586204973,-30.40365016,0.308
A2744,14435.0,3.586204975,-30.40377783,0.308
A2744,14437.0,3.58620498,-30.40403317,0.308
A2744,14438.0,3.586204982,-30.40416084,0.308
A2744,14440.0,3.586204986,-30.40441617,0.308
A2744,14441.0,3.586204988,-30.40454384,0.308
A2744,14443.0,3.586204992,-30.40479918,0.308
A2744,15001.0,3.5811963,-30.4285281,11.183
A2744,15002.0,3.5678524,-30.4262586,5.057
A2744,15003.0,3.5771664,-30.422576,5.206
A2744,15004.0,3.5931785,-30.4228535,5.669
A2744,15005.0,3.5646263,-30.422057,11.199
A2744,15006.0,3.5571719,-30.4215086,5.781
A2744,15007.0,3.5556917,-30.4210077,8.624
A2744,15008.0,3.5559005,-30.4197135,8.84
A2744,15009.0,3.5493718,-30.4179006,5.09
A2744,15010.0,3.5516785,-30.4163625,5.16
A2744,15011.0,3.5473976,-30.4161485,5.117
A2744,15012.0,3.5421838,-30.4153118,8.862
A2744,15013.0,3.5405962,-30.4137181,5.201
A2744,15014.0,3.5581158,-30.4106224,5.222
A2744,15015.0,3.6265451,-30.4069446,5.157
A2744,15016.0,3.5508545,-30.4058963,5.111
A2744,15017.0,3.6146348,-30.4042187,11.57
A2744,15018.0,3.6092228,-30.4034362,5.054
A2744,15019.0,3.5611089,-30.3993274,5.942
A2744,15020.0,3.5471004,-30.390708,11.072
A2744,15021.0,3.5530845,-30.385078,5.171
A2744,15022.0,3.6281971,-30.3784394,10.025
A2744,15023.0,3.5811002,-30.3745807,11.481
A2744,15024.0,3.5597775,-30.3718191,6.908
A2744,15025.0,3.60757,-30.3710976,11.347
A2744,15026.0,3.6303059,-30.3699619,5.089
A2744,15027.0,3.6241108,-30.3658956,5.029
A2744,15028.0,3.5591604,-30.3644934,5.573
A2744,15029.0,3.5590283,-30.3634886,5.402
A2744,15030.0,3.5589323,-30.3624441,5.17
A2744,15031.0,3.5584791,-30.3619291,5.022
A2744,15032.0,3.6156104,-30.3617671,10.882
A2744,15033.0,3.558614,-30.3615283,5.21
A2744,15034.0,3.6069349,-30.3603393,5.02
A2744,15035.0,3.5820818,-30.3588896,5.187
A2744,15036.0,3.6113313,-30.3580999,5.998
A2744,15037.0,3.6096715,-30.3573639,10.218
A2744,15038.0,3.6109171,-30.3570803,9.464
A2744,15039.0,3.579138,-30.3568885,5.249
A2744,15040.0,3.578268,-30.351597,5.255
A2744,15041.0,3.5851285,-30.3495417,5.139
A2744,15042.0,3.58518,-30.3440963,5.022
A2744,15043.0,3.5838373,-30.3417164,5.003
A2744,15044.0,3.5778882,-30.3458252,5.391
A2744,15045.0,3.5873901,-30.343905,5.218
A2744,15046.0,3.5873365,-30.3435877,5.913
A2744,16047.0,3.5826583,-30.4361272,4.008
A2744,16048.0,3.5815654,-30.4356315,3.958
A2744,16049.0,3.5810431,-30.4350943,4.403
A2744,16050.0,3.5838698,-30.4336085,3.212
A2744,16051.0,3.574587,-30.4313582,4.262
A2744,16052.0,3.5959545,-30.4289391,4.891
A2744,16053.0,3.5810949,-30.4283134,4.544
A2744,16054.0,3.5950591,-30.4285051,4.318
A2744,16055.0,3.5767465,-30.4278723,3.86
A2744,16056.0,3.5968173,-30.4273347,4.362
A2744,16057.0,3.5706797,-30.4272628,4.835
A2744,16058.0,3.5959032,-30.4270519,4.047
A2744,16059.0,3.5901544,-30.4259341,4.787
A2744,16060.0,3.5996016,-30.4253874,4.173
A2744,16061.0,3.5961707,-30.4252449,4.272
A2744,16062.0,3.5808469,-30.4252839,4.81
A2744,16063.0,3.5819985,-30.4245984,4.779
A2744,16064.0,3.5887436,-30.4242929,3.16
A2744,16065.0,3.5585859,-30.4237392,4.265
A2744,16066.0,3.5900647,-30.4237419,3.679
A2744,16067.0,3.5995422,-30.4236065,4.811
A2744,16068.0,3.5727775,-30.4231424,3.068
A2744,16069.0,3.5872229,-30.4231121,3.161
A2744,16070.0,3.5935719,-30.4229635,4.271
A2744,16071.0,3.5645133,-30.4219064,4.044
A2744,16072.0,3.5976812,-30.419382,3.529
A2744,16073.0,3.589838,-30.4192989,3.882
A2744,16074.0,3.5999861,-30.4185205,4.496
A2744,16075.0,3.5822402,-30.4178963,4.272
A2744,16076.0,3.5586558,-30.4174156,3.434
A2744,16077.0,3.5511077,-30.417321,4.875
A2744,16078.0,3.5505427,-30.4173285,3.576
A2744,16079.0,3.5796025,-30.4171605,3.712
A2744,16080.0,3.5448249,-30.4169304,4.766
A2744,16081.0,3.5601881,-30.416746,4.193
A2744,16082.0,3.5733974,-30.4169493,3.054
A2744,16083.0,3.561875,-30.4156388,3.844
A2744,16084.0,3.5499605,-30.415464,3.422
A2744,16085.0,3.5477401,-30.4144863,3.826
A2744,16086.0,3.5433539,-30.4133361,3.218
A2744,16087.0,3.5365541,-30.4127856,3.253
A2744,16088.0,3.6132083,-30.4116864,3.36
A2744,16089.0,3.6153338,-30.4110271,3.17
A2744,16090.0,3.539252,-30.4098015,3.958
A2744,16091.0,3.5367793,-30.4096914,3.917
A2744,16092.0,3.5450216,-30.4096716,3.609
A2744,16093.0,3.6172989,-30.4091812,3.647
A2744,16094.0,3.5350061,-30.4088638,4.38
A2744,16095.0,3.5460793,-30.4090923,3.087
A2744,16096.0,3.5472825,-30.4085327,3.103
A2744,16097.0,3.5464216,-30.4079423,4.385
A2744,16098.0,3.5574815,-30.4078482,3.209
A2744,16099.0,3.5388821,-30.4062529,4.899
A2744,16100.0,3.562494,-30.4060588,3.713
A2744,16101.0,3.5617796,-30.405973,3.905
A2744,16102.0,3.6106308,-30.4060201,3.153
A2744,16103.0,3.610094,-30.4054388,3.07
A2744,16104.0,3.6133838,-30.4052734,3.214
A2744,16105.0,3.5428684,-30.4044776,3.702
A2744,16106.0,3.549742,-30.4042607,3.125
A2744,16107.0,3.5533944,-30.4042612,4.228
A2744,16108.0,3.6253057,-30.4040276,3.368
A2744,16109.0,3.6198342,-30.4043179,3.079
A2744,16110.0,3.5538442,-30.403978,3.175
A2744,16111.0,3.552931,-30.4038875,4.928
A2744,16112.0,3.5550733,-30.4038194,3.294
A2744,16113.0,3.5557587,-30.4037625,4.32
A2744,16114.0,3.5506673,-30.4017452,3.193
A2744,16115.0,3.5502628,-30.4015332,3.092
A2744,16116.0,3.5615906,-30.4013674,3.704
A2744,16117.0,3.6089293,-30.4012985,4.207
A2744,16118.0,3.5397678,-30.4011459,3.841
A2744,16119.0,3.5389954,-30.4005965,3.932
A2744,16120.0,3.5542599,-30.4005068,4.345
A2744,16121.0,3.5425817,-30.399931,4.383
A2744,16122.0,3.6088212,-30.3998685,3.947
A2744,16123.0,3.5405662,-30.3995667,3.581
A2744,16124.0,3.6118371,-30.3981788,3.179
A2744,16125.0,3.6290661,-30.3965338,4.44
A2744,16126.0,3.6249436,-30.3964026,3.592
A2744,16127.0,3.5604702,-30.3962352,3.274
A2744,16128.0,3.6175718,-30.3950087,4.856
A2744,16129.0,3.5575961,-30.3949361,3.646
A2744,16130.0,3.6244186,-30.3936319,3.278
A2744,16131.0,3.6137971,-30.3918981,4.225
A2744,16132.0,3.6102627,-30.39165,4.824
A2744,16133.0,3.5642189,-30.3912751,3.218
A2744,16134.0,3.5474928,-30.3903399,3.528
A2744,16135.0,3.5594317,-30.3900233,4.159
A2744,16136.0,3.546451,-30.3892782,4.5
A2744,16137.0,3.5478426,-30.3890772,3.111
A2744,16138.0,3.5463957,-30.3888882,3.952
A2744,16139.0,3.54681,-30.3890889,4.234
A2744,16140.0,3.6100403,-30.3887183,3.234
A2744,16141.0,3.6168418,-30.3884143,4.231
A2744,16142.0,3.5471509,-30.3887439,3.592
A2744,16143.0,3.5557914,-30.3878698,4.127
A2744,16144.0,3.6212445,-30.3883511,3.132
A2744,16145.0,3.6202008,-30.3867295,3.277
A2744,16146.0,3.5582048,-30.3865608,3.969
A2744,16147.0,3.6224791,-30.3860274,3.262
A2744,16148.0,3.5475344,-30.3859368,4.463
A2744,16149.0,3.622227,-30.3859012,4.285
A2744,16150.0,3.5638971,-30.3855284,3.744
A2744,16151.0,3.6170888,-30.3856673,4.55
A2744,16152.0,3.550063,-30.3856243,3.473
A2744,16153.0,3.5472429,-30.3841575,4.201
A2744,16154.0,3.5521931,-30.3840718,3.149
A2744,16155.0,3.6138376,-30.3830061,4.943
A2744,16156.0,3.5573436,-30.3829093,4.615
A2744,16157.0,3.5560081,-30.381587,4.1
A2744,16158.0,3.5523349,-30.3813858,4.103
A2744,16159.0,3.5529407,-30.3812026,4.334
A2744,16160.0,3.5546954,-30.38044,4.109
A2744,16161.0,3.5631595,-30.3806309,3.398
A2744,16162.0,3.5643551,-30.3801285,3.851
A2744,16163.0,3.5535354,-30.380163,4.196
A2744,16164.0,3.6165393,-30.3796381,3.431
A2744,16165.0,3.6047379,-30.3786824,3.001
A2744,16166.0,3.5567012,-30.3786296,3.671
A2744,16167.0,3.6110912,-30.3784849,3.149
A2744,16168.0,3.5543589,-30.3782194,3.851
A2744,16169.0,3.5563908,-30.3774721,4.122
A2744,16170.0,3.6003844,-30.3775051,3.789
A2744,16171.0,3.6055311,-30.3771421,4.145
A2744,16172.0,3.6261328,-30.3766997,3.932
A2744,16173.0,3.5536332,-30.3766849,3.519
A2744,16174.0,3.5526206,-30.3766027,4.717
A2744,16175.0,3.5563592,-30.376746,3.66
A2744,16176.0,3.5612714,-30.376482,3.462
A2744,16177.0,3.5667708,-30.3764651,4.187
A2744,16178.0,3.5524878,-30.3762796,4.327
A2744,16179.0,3.5539004,-30.3754916,4.25
A2744,16180.0,3.5612674,-30.3752925,4.025
A2744,16181.0,3.5667054,-30.3752088,3.677
A2744,16182.0,3.5523319,-30.3746851,4.486
A2744,16183.0,3.5520672,-30.3749289,3.818
A2744,16184.0,3.6206654,-30.3742835,4.806
A2744,16185.0,3.5707757,-30.3733981,4.689
A2744,16186.0,3.583989,-30.3733713,3.668
A2744,16187.0,3.5895322,-30.3731504,4.05
A2744,16188.0,3.6045976,-30.3731754,3.117
A2744,16189.0,3.5530757,-30.3731121,3.95
A2744,16190.0,3.5562196,-30.3730035,4.023
A2744,16191.0,3.6088848,-30.3731873,4.167
A2744,16192.0,3.5544716,-30.3728219,3.726
A2744,16193.0,3.5719121,-30.3726572,4.488
A2744,16194.0,3.5570309,-30.372529,4.141
A2744,16195.0,3.583134,-30.3722245,4.514
A2744,16196.0,3.5815442,-30.3722345,3.464
A2744,16197.0,3.594031,-30.3723556,3.311
A2744,16198.0,3.579784,-30.3717821,4.054
A2744,16199.0,3.5602591,-30.3713963,4.533
A2744,16200.0,3.617831,-30.371197,4.837
A2744,16201.0,3.5865025,-30.3704042,3.701
A2744,16202.0,3.5858022,-30.3699439,4.073
A2744,16203.0,3.6284031,-30.3698501,4.839
A2744,16204.0,3.5575029,-30.3695858,3.63
A2744,16205.0,3.5997245,-30.3695542,3.235
A2744,16206.0,3.563667,-30.3692891,4.072
A2744,16207.0,3.5730001,-30.3687614,3.904
A2744,16208.0,3.5727862,-30.3685757,3.699
A2744,16209.0,3.5720738,-30.3679078,3.292
A2744,16210.0,3.5716756,-30.3677451,3.467
A2744,16211.0,3.5733558,-30.3678031,3.212
A2744,16212.0,3.57959,-30.3673154,3.522
A2744,16213.0,3.5800983,-30.3672926,3.154
A2744,16214.0,3.5769772,-30.3671105,3.515
A2744,16215.0,3.5623754,-30.3668856,3.621
A2744,16216.0,3.5766424,-30.3653603,4.276
A2744,16217.0,3.5758287,-30.3653303,4.937
A2744,16218.0,3.5902169,-30.3654875,3.003
A2744,16219.0,3.6071193,-30.3652506,3.428
A2744,16220.0,3.558951,-30.3647807,4.223
A2744,16221.0,3.574829,-30.3647633,3.198
A2744,16222.0,3.5602449,-30.3646691,4.968
A2744,16223.0,3.613101,-30.3646311,3.435
A2744,16224.0,3.5712646,-30.3645991,3.256
A2744,16225.0,3.6081421,-30.3640198,3.587
A2744,16226.0,3.5845133,-30.3640052,3.615
A2744,16227.0,3.5705755,-30.3639053,3.106
A2744,16228.0,3.5718824,-30.3637633,3.342
A2744,16229.0,3.5799722,-30.363585,3.968
A2744,16230.0,3.572426,-30.3630705,3.312
A2744,16231.0,3.5710618,-30.3629078,3.678
A2744,16232.0,3.6052222,-30.3628548,3.175
A2744,16233.0,3.560253,-30.3620979,3.742
A2744,16234.0,3.6099913,-30.3619638,3.116
A2744,16235.0,3.5903678,-30.3619481,3.036
A2744,16236.0,3.5757395,-30.3618799,4.163
A2744,16237.0,3.6126235,-30.3617467,3.627
A2744,16238.0,3.5716498,-30.3615014,3.952
A2744,16239.0,3.5679677,-30.3617285,3.696
A2744,16240.0,3.5672312,-30.3611134,3.453
A2744,16241.0,3.5590796,-30.3610471,4.694
A2744,16242.0,3.5924475,-30.3608484,3.943
A2744,16243.0,3.5759473,-30.3607622,3.512
A2744,16244.0,3.5947998,-30.360732,3.064
A2744,16245.0,3.5762111,-30.3604205,3.312
A2744,16246.0,3.5883622,-30.3606613,3.992
A2744,16247.0,3.592541,-30.3603019,4.072
A2744,16248.0,3.565571,-30.3601136,4.027
A2744,16249.0,3.5680416,-30.3595212,4.341
A2744,16250.0,3.5857672,-30.3592791,3.537
A2744,16251.0,3.5732589,-30.3594763,3.8
A2744,16252.0,3.6016864,-30.3590679,3.498
A2744,16253.0,3.5601116,-30.3590556,3.181
A2744,16254.0,3.5772354,-30.3581138,3.637
A2744,16255.0,3.5721125,-30.3583215,3.561
A2744,16256.0,3.5989287,-30.3579726,3.653
A2744,16257.0,3.5854454,-30.3582158,3.01
A2744,16258.0,3.5931215,-30.3572607,4.57
A2744,16259.0,3.5789671,-30.3570983,4.41
A2744,16260.0,3.6048421,-30.3567192,4.923
A2744,16261.0,3.5745142,-30.3562812,3.922
A2744,16262.0,3.5938209,-30.356044,4.002
A2744,16263.0,3.5831851,-30.3552248,4.294
A2744,16264.0,3.5783487,-30.3551035,3.824
A2744,16265.0,3.5858315,-30.3546984,3.321
A2744,16266.0,3.5868088,-30.3540386,3.435
A2744,16267.0,3.5704485,-30.3536863,4.161
A2744,16268.0,3.5967715,-30.3534769,3.138
A2744,16269.0,3.5832666,-30.3533398,3.639
A2744,16270.0,3.572317,-30.3529827,4.546
A2744,16271.0,3.5902105,-30.3527986,3.663
A2744,16272.0,3.5787622,-30.3523644,3.374
A2744,16273.0,3.5745205,-30.3523124,3.11
A2744,16274.0,3.5719472,-30.351696,4.039
A2744,16275.0,3.5827584,-30.3513119,3.887
A2744,16276.0,3.587217,-30.3495046,4.775
A2744,16277.0,3.5839559,-30.3462689,3.578
A2744,16278.0,3.5838063,-30.3432955,3.623
A2744,16279.0,3.5834922,-30.3433819,4.237
A2744,16280.0,3.5854884,-30.3435738,3.109
A2744,16281.0,3.5873626,-30.3449637,4.878
A2744,16282.0,3.5828582,-30.3474644,3.105
A2744,16283.0,3.5822387,-30.3441296,4.908
A2744,16284.0,3.5909939,-30.3466596,4.821
A2744,16285.0,3.5825189,-30.3480079,4.143
A2744,16286.0,3.5894334,-30.3454746,4.245
A2744,16287.0,3.586242,-30.3432873,3.372
A2744,16288.0,3.5806167,-30.3412658,4.49
A2744,16289.0,3.5843494,-30.3431333,4.955
A2744,16290.0,3.5795164,-30.3439747,4.925
